126,1.0,3.56,0.03,0.0,0.0,2021-09-26 12:16:23.989092
121,1.0,3.55,0.03,0.0,0.0,2021-09-26 12:18:49.260925
116,1.0,3.55,0.03,0.0,0.0,2021-09-26 12:21:19.327064
111,1.0,3.55,0.04,0.0,0.0,2021-09-26 12:24:54.508851

126,2.76,0.28,0.1,0.66,0.06,2021-09-26 12:50:01.788428
121,3.14,0.16,0.03,0.36,0.02,2021-09-26 12:52:19.862233
116,3.27,0.09,0.01,0.09,0.0,2021-09-26 12:54:35.347613
111,2.83,0.26,0.08,0.75,0.04,2021-09-26 12:58:07.442199
106,3.11,0.17,0.02,0.3,0.01,2021-09-26 13:01:10.166153
101,3.03,0.19,0.05,0.59,0.02,2021-09-26 13:04:17.486893
96,2.84,0.25,0.06,0.51,0.03,2021-09-26 13:08:44.534162
91,2.79,0.27,0.09,0.66,0.05,2021-09-26 13:13:12.170544
86,3.24,0.13,0.01,0.14,0.01,2021-09-26 13:17:02.614745
81,3.29,0.1,0.01,0.16,0.01,2021-09-26 13:20:48.574336
76,2.94,0.23,0.05,0.55,0.03,2021-09-26 13:25:34.951922
71,2.89,0.24,0.07,0.66,0.03,2021-09-26 13:32:45.230733
66,3.27,0.09,0.01,0.18,0.01,2021-09-26 13:37:26.506087
61,3.91,0.15,0.14,0.6,0.08,2021-09-26 13:45:59.484545
56,12.15,0.11,0.1,0.11,0.1,2021-09-26 13:58:25.362757
51,6.73,0.17,0.15,0.23,0.12,2021-09-26 14:17:47.269338
46,29.75,0.08,0.07,0.08,0.07,2021-09-26 14:41:02.502060
36,2.72,0.45,0.47,0.53,0.42,2021-09-26 16:55:08.529998
31,12.61,0.2,0.21,0.22,0.19,2021-09-26 18:32:16.582122
26,3.16,0.47,0.49,0.54,0.45,2021-09-26 20:30:46.995010
21,19.12,0.11,0.1,0.11,0.1,2021-09-26 21:45:12.091591
16,4.21,0.48,0.48,0.5,0.45,2021-09-26 23:16:12.496291
11,8.25,0.23,0.23,0.24,0.21,2021-09-27 01:15:50.746052
6,2.23,0.59,0.59,0.62,0.56,2021-09-27 21:06:19.608443


126,3.03,0.19,0.04,0.66,0.02,93.4687915540012,7.123010561999763,0.6974908699999105
121,3.23,0.12,0.02,0.4,0.01,125.17458466100015,7.123010561999763,0.22115258599978915
116,3.33,0.07,0.02,0.52,0.01,151.18090039100116,7.123010561999763,0.18378920300028767
111,2.96,0.2,0.05,0.79,0.03,245.18809813999633,7.123010561999763,0.18378920300028767
106,3.24,0.13,0.02,0.64,0.01,290.2372914819971,7.123010561999763,0.18378920300028767
101,3.29,0.13,0.02,0.52,0.01,337.3239348989973,7.957174719999784,0.18378920300028767
96,3.04,0.18,0.04,0.82,0.02,430.5236348919989,8.413315496999985,0.18378920300028767
91,3.02,0.2,0.05,0.97,0.02,538.4425166149981,9.214616489000036,0.18378920300028767
86,3.22,0.12,0.02,0.45,0.01,600.8810205740001,9.75105228700022,0.18378920300028767
81,3.34,0.07,0.02,0.49,0.01,652.9498224900003,10.587318467999921,0.18378920300028767
76,3.11,0.17,0.02,0.51,0.01,761.7887911689995,11.80385655300006,0.18378920300028767
71,3.04,0.17,0.04,0.73,0.02,1036.3782311439945,14.44425135199981,0.18378920300028767
66,3.33,0.08,0.01,0.39,0.01,1124.1492989159933,14.44425135199981,0.18378920300028767
61,3.83,0.16,0.04,0.4,0.02,1442.463363086992,21.69504034700003,0.18378920300028767
